'Room'
0.00000	0.0000	0.00000	10.0000
0.16667	0.0000	0.16667	10.0000
0.33333	0.0000	0.33333	10.0000
0.50000	0.0000	0.50000	10.0000
0.66667	0.0000	0.66667	10.0000
0.83333	0.0000	0.83333	10.0000
1.00000	0.0000	1.00000	10.0000
1.16667	0.0000	1.16667	10.0000
1.33333	0.0000	1.33333	10.0000
1.50000	0.0000	1.50000	10.0000
1.66667	0.0000	1.66667	10.0000
1.83333	0.0000	1.83333	10.0000
2.00000	0.0000	2.00000	10.0000
2.16667	0.0000	2.16667	10.0000
2.33333	0.0000	2.33333	10.0000
2.50000	0.0000	2.50000	10.0000
2.66667	0.0000	2.66667	10.0000
2.83333	0.0000	2.83333	10.0000
3.00000	0.0000	3.00000	10.0000
3.16667	0.0000	3.16667	10.0000
3.33333	0.0000	3.33333	10.0000
3.50000	0.0000	3.50000	10.0000
3.66667	0.0000	3.66667	10.0000
3.83333	0.0000	3.83333	10.0000
4.00000	0.0000	4.00000	10.0000
4.16667	0.0000	4.16667	10.0000
4.33333	0.0000	4.33333	10.0000
4.50000	0.0000	4.50000	10.0000
4.66667	0.0000	4.66667	10.0000
4.83333	0.0000	4.83333	10.0000
5.00000	0.0000	5.00000	10.0000
5.16667	0.0000	5.16667	10.0000
5.33333	0.0000	5.33333	10.0000
5.50000	0.0000	5.50000	10.0000
5.66667	0.0000	5.66667	10.0000
5.83333	0.0000	5.83333	10.0000
6.00000	0.0000	6.00000	10.0000
6.16667	0.0000	6.16667	10.0000
6.33333	0.0000	6.33333	10.0000
6.50000	0.0000	6.50000	10.0000
6.66667	0.0000	6.66667	10.0000
6.83333	0.0000	6.83333	10.0000
7.00000	0.0000	7.00000	10.0000
7.16667	0.0000	7.16667	10.0000
7.33333	0.0000	7.33333	10.0000
7.50000	0.0000	7.50000	10.0000
7.66667	0.0000	7.66667	10.0000
7.83333	0.0000	7.83333	10.0000
8.00000	0.0000	8.00000	10.0000
8.16667	0.0000	8.16667	10.0000
8.33333	0.0000	8.33333	10.0000
8.50000	0.0000	8.50000	10.0000
8.66667	0.0000	8.66667	10.0000
8.83333	0.0000	8.83333	10.0000
9.00000	0.0000	9.00000	10.0000
9.16667	0.0000	9.16667	10.0000
9.33333	0.0000	9.33333	10.0000
9.50000	0.0000	9.50000	10.0000
9.66667	0.0000	9.66667	10.0000
9.83333	0.0000	9.83333	10.0000
10.0000	0.0000	10.0000	10.0000
10.1667	0.0000	10.1667	10.0000
10.3333	0.0000	10.3333	10.0000
10.5000	0.0000	10.5000	10.0000
10.6667	0.0000	10.6667	10.0000
10.8333	0.0000	10.8333	10.0000
11.0000	0.0000	11.0000	10.0000
11.1667	0.0000	11.1667	10.0000
11.3333	0.0000	11.3333	10.0000
11.5000	0.0000	11.5000	10.0000
11.6667	0.0000	11.6667	10.0000
11.8333	0.0000	11.8333	10.0000
12.0000	0.0000	12.0000	10.0000
12.1667	0.0000	12.1667	10.0000
12.3333	0.0000	12.3333	10.0000
12.5000	0.0000	12.5000	10.0000
12.6667	0.0000	12.6667	10.0000
12.8333	0.0000	12.8333	10.0000
13.0000	0.0000	13.0000	10.0000
13.1667	0.0000	13.1667	10.0000
13.3333	0.0000	13.3333	10.0000
13.5000	0.0000	13.5000	10.0000
13.6667	0.0000	13.6667	10.0000
13.8333	0.0000	13.8333	10.0000
14.0000	0.0000	14.0000	10.0000
14.1667	0.0000	14.1667	10.0000
14.3333	0.0000	14.3333	10.0000
14.5000	0.0000	14.5000	10.0000
14.6667	0.0000	14.6667	10.0000
14.8333	0.0000	14.8333	10.0000
15.0000	0.0000	15.0000	10.0000
15.1667	0.0000	15.1667	10.0000
15.3333	0.0000	15.3333	10.0000
15.5000	0.0000	15.5000	10.0000
15.6667	0.0000	15.6667	10.0000
15.8333	0.0000	15.8333	10.0000
16.0000	0.0000	16.0000	10.0000
16.1667	0.0000	16.1667	10.0000
16.3333	0.0000	16.3333	10.0000
16.5000	0.0000	16.5000	10.0000
16.6667	0.0000	16.6667	10.0000
16.8333	0.0000	16.8333	10.0000
17.0000	0.0000	17.0000	10.0000
17.1667	0.0000	17.1667	10.0000
17.3333	0.0000	17.3333	10.0000
17.5000	0.0000	17.5000	10.0000
17.6667	0.0000	17.6667	10.0000
17.8333	0.0000	17.8333	10.0000
18.0000	0.0000	18.0000	10.0000
18.1667	0.0000	18.1667	10.0000
18.3333	0.0000	18.3333	10.0000
18.5000	0.0000	18.5000	10.0000
18.6667	0.0000	18.6667	10.0000
18.8333	0.0000	18.8333	10.0000
19.0000	0.0000	19.0000	10.0000
19.1667	0.0000	19.1667	10.0000
19.3333	0.0000	19.3333	10.0000
19.5000	0.0000	19.5000	10.0000
19.6667	0.0000	19.6667	10.0000
19.8333	0.0000	19.8333	10.0000
20.0000	0.0000	20.0000	10.0000
20.1667	0.0000	20.1667	10.0000
20.3333	0.0000	20.3333	10.0000
20.5000	0.0000	20.5000	10.0000
20.6667	0.0000	20.6667	10.0000
20.8333	0.0000	20.8333	10.0000
21.0000	0.0000	21.0000	10.0000
21.1667	0.0000	21.1667	10.0000
21.3333	0.0000	21.3333	10.0000
21.5000	0.0000	21.5000	10.0000
21.6667	0.0000	21.6667	10.0000
21.8333	0.0000	21.8333	10.0000
22.0000	0.0000	22.0000	10.0000
22.1667	0.0000	22.1667	10.0000
22.3333	0.0000	22.3333	10.0000
22.5000	0.0000	22.5000	10.0000
22.6667	0.0000	22.6667	10.0000
22.8333	0.0000	22.8333	10.0000
23.0000	0.0000	23.0000	10.0000
23.1667	0.0000	23.1667	10.0000
23.3333	0.0000	23.3333	10.0000
23.5000	0.0000	23.5000	10.0000
23.6667	0.0000	23.6667	10.0000
23.8333	0.0000	23.8333	10.0000
24.0000	0.0000	24.0000	10.0000
24.1667	0.0000	24.1667	10.0000
24.3333	0.0000	24.3333	10.0000
24.5000	0.0000	24.5000	10.0000
24.6667	0.0000	24.6667	10.0000
24.8333	0.0000	24.8333	10.0000
25.0000	0.0000	25.0000	10.0000
25.1667	0.0000	25.1667	10.0000
25.3333	0.0000	25.3333	10.0000
25.5000	0.0000	25.5000	10.0000
25.6667	0.0000	25.6667	10.0000
25.8333	0.0000	25.8333	10.0000
26.0000	0.0000	26.0000	10.0000
26.1667	0.0000	26.1667	10.0000
26.3333	0.0000	26.3333	10.0000
26.5000	0.0000	26.5000	10.0000
26.6667	0.0000	26.6667	10.0000
26.8333	0.0000	26.8333	10.0000
27.0000	0.0000	27.0000	10.0000
27.1667	0.0000	27.1667	10.0000
27.3333	0.0000	27.3333	10.0000
27.5000	0.0000	27.5000	10.0000
27.6667	0.0000	27.6667	10.0000
27.8333	0.0000	27.8333	10.0000
28.0000	0.0000	28.0000	10.0000
28.1667	0.0000	28.1667	10.0000
28.3333	0.0000	28.3333	10.0000
28.5000	0.0000	28.5000	10.0000
28.6667	0.0000	28.6667	10.0000
28.8333	0.0000	28.8333	10.0000
29.0000	0.0000	29.0000	10.0000
29.1667	0.0000	29.1667	10.0000
29.3333	0.0000	29.3333	10.0000
29.5000	0.0000	29.5000	10.0000
29.6667	0.0000	29.6667	10.0000
29.8333	0.0000	29.8333	10.0000
30.0000	0.0000	30.0000	10.0000
