'Land'
0.000000	0.00000	0.000000	10.00000
0.166667	0.00000	0.166667	10.00000
0.333333	0.00000	0.333333	10.00000
0.500000	0.00000	0.500000	10.00000
0.666667	0.00000	0.666667	10.00000
0.833333	0.00000	0.833333	10.00000
1.000000	0.00000	1.000000	10.00000
1.166667	0.00000	1.166667	10.00000
1.333333	0.00000	1.333333	10.00000
1.500000	0.00000	1.500000	10.00000
1.666667	0.00000	1.666667	10.00000
1.833333	0.00000	1.833333	10.00000
2.000000	0.00000	2.000000	10.00000
2.166667	0.00000	2.166667	10.00000
2.333333	0.00000	2.333333	10.00000
2.500000	0.00000	2.500000	10.00000
2.666667	0.00000	2.666667	10.00000
2.833333	0.00000	2.833333	10.00000
3.000000	0.00000	3.000000	10.00000
3.166667	0.00000	3.166667	10.00000
3.333333	0.00000	3.333333	10.00000
3.500000	0.00000	3.500000	10.00000
3.666667	0.00000	3.666667	10.00000
3.833333	0.00000	3.833333	10.00000
4.000000	0.00000	4.000000	10.00000
4.166667	0.00000	4.166667	10.00000
4.333333	0.00000	4.333333	10.00000
4.500000	0.00000	4.500000	10.00000
4.666667	0.00000	4.666667	10.00000
4.833333	0.00000	4.833333	10.00000
5.000000	0.00000	5.000000	10.00000
5.166667	0.00000	5.166667	10.00000
5.333333	0.00000	5.333333	10.00000
5.500000	0.00000	5.500000	10.00000
5.666667	0.00000	5.666667	10.00000
5.833333	0.00000	5.833333	10.00000
6.000000	0.00000	6.000000	10.00000
6.166667	0.00000	6.166667	10.00000
6.333333	0.00000	6.333333	10.00000
6.500000	0.00000	6.500000	10.00000
6.666667	0.00000	6.666667	10.00000
6.833333	0.00000	6.833333	10.00000
7.000000	0.00000	7.000000	10.00000
7.166667	0.00000	7.166667	10.00000
7.333333	0.00000	7.333333	10.00000
7.500000	0.00000	7.500000	10.00000
7.666667	0.00001	7.666667	10.00000
7.833333	0.00039	7.833333	10.00000
8.000000	0.00281	8.000000	10.00000
8.166667	0.01111	8.166667	10.00000
8.333333	0.03118	8.333333	10.00000
8.500000	0.07001	8.500000	10.00000
8.666667	0.13386	8.666667	10.00000
8.833333	0.22622	8.833333	10.00000
9.000000	0.34597	9.000000	10.00000
9.166667	0.48639	9.166667	10.00000
9.333333	0.63546	9.333333	10.00000
9.500000	0.77729	9.500000	10.00000
9.666667	0.89475	9.666667	10.00000
9.833333	0.97253	9.833333	10.00000
10.00000	1.00000	10.00000	10.00000
10.16667	0.97334	10.16667	10.00000
10.33333	0.89627	10.33333	10.00000
10.50000	0.77930	10.50000	10.00000
10.66667	0.63771	10.66667	10.00000
10.83333	0.48863	10.83333	10.00000
11.00000	0.34797	11.00000	10.00000
11.16667	0.22785	11.16667	10.00000
11.33333	0.13505	11.33333	10.00000
11.50000	0.07078	11.50000	10.00000
11.66667	0.03161	11.66667	10.00000
11.83333	0.01131	11.83333	10.00000
12.00000	0.00288	12.00000	10.00000
12.16667	0.00040	12.16667	10.00000
12.33333	0.00001	12.33333	10.00000
12.50000	0.00000	12.50000	10.00000
12.66667	0.00000	12.66667	10.00000
12.83333	0.00000	12.83333	10.00000
13.00000	0.00000	13.00000	10.00000
13.16667	0.00000	13.16667	10.00000
13.33333	0.00000	13.33333	10.00000
13.50000	0.00000	13.50000	10.00000
13.66667	0.00000	13.66667	10.00000
13.83333	0.00000	13.83333	10.00000
14.00000	0.00000	14.00000	10.00000
14.16667	0.00000	14.16667	10.00000
14.33333	0.00000	14.33333	10.00000
14.50000	0.00000	14.50000	10.00000
14.66667	0.00000	14.66667	10.00000
14.83333	0.00000	14.83333	10.00000
15.00000	0.00398	15.00000	10.00000
15.16667	0.25723	15.16667	10.00000
15.33333	0.51562	15.33333	10.00000
15.50000	0.76838	15.50000	10.00000
15.66667	1.01272	15.66667	10.00000
15.83333	1.24597	15.83333	10.00000
16.00000	1.46559	16.00000	10.00000
16.16667	1.66917	16.16667	10.00000
16.33333	1.85448	16.33333	10.00000
16.50000	2.01950	16.50000	10.00000
16.66667	2.16240	16.66667	10.00000
16.83333	2.28164	16.83333	10.00000
17.00000	2.37591	17.00000	10.00000
17.16667	2.44418	17.16667	10.00000
17.33333	2.48569	17.33333	10.00000
17.50000	2.49999	17.50000	10.00000
17.66667	2.48694	17.66667	10.00000
17.83333	2.44666	17.83333	10.00000
18.00000	2.37960	18.00000	10.00000
18.16667	2.28650	18.16667	10.00000
18.33333	2.16837	18.33333	10.00000
18.50000	2.02651	18.50000	10.00000
18.66667	1.86247	18.66667	10.00000
18.83333	1.67805	18.83333	10.00000
19.00000	1.47526	19.00000	10.00000
19.16667	1.25632	19.16667	10.00000
19.33333	1.02363	19.33333	10.00000
19.50000	0.77973	19.50000	10.00000
19.66667	0.52731	19.66667	10.00000
19.83333	0.26911	19.83333	10.00000
20.00000	0.00796	20.00000	10.00000
20.16667	0.00000	20.16667	10.00000
20.33333	0.00000	20.33333	10.00000
20.50000	0.00000	20.50000	10.00000
20.66667	0.00000	20.66667	10.00000
20.83333	0.00000	20.83333	10.00000
21.00000	0.00000	21.00000	10.00000
21.16667	0.00000	21.16667	10.00000
21.33333	0.00000	21.33333	10.00000
21.50000	0.00000	21.50000	10.00000
21.66667	0.00000	21.66667	10.00000
21.83333	0.00000	21.83333	10.00000
22.00000	0.00000	22.00000	10.00000
22.16667	0.00000	22.16667	10.00000
22.33333	0.00000	22.33333	10.00000
22.50000	0.00000	22.50000	10.00000
22.66667	0.00000	22.66667	10.00000
22.83333	0.00000	22.83333	10.00000
23.00000	0.00000	23.00000	10.00000
23.16667	0.00000	23.16667	10.00000
23.33333	0.00000	23.33333	10.00000
23.50000	0.00000	23.50000	10.00000
23.66667	0.00000	23.66667	10.00000
23.83333	0.00000	23.83333	10.00000
24.00000	0.00000	24.00000	10.00000
24.16667	0.00000	24.16667	10.00000
24.33333	0.00000	24.33333	10.00000
24.50000	0.00000	24.50000	10.00000
24.66667	0.00000	24.66667	10.00000
24.83333	0.00000	24.83333	10.00000
25.00000	0.00000	25.00000	10.00000
25.16667	0.00000	25.16667	10.00000
25.33333	0.00000	25.33333	10.00000
25.50000	0.00000	25.50000	10.00000
25.66667	0.00000	25.66667	10.00000
25.83333	0.00000	25.83333	10.00000
26.00000	0.00000	26.00000	10.00000
26.16667	0.00000	26.16667	10.00000
26.33333	0.00000	26.33333	10.00000
26.50000	0.00000	26.50000	10.00000
26.66667	0.00000	26.66667	10.00000
26.83333	0.00000	26.83333	10.00000
27.00000	0.00000	27.00000	10.00000
27.16667	0.00000	27.16667	10.00000
27.33333	0.00000	27.33333	10.00000
27.50000	0.00000	27.50000	10.00000
27.66667	0.00000	27.66667	10.00000
27.83333	0.00000	27.83333	10.00000
28.00000	0.00000	28.00000	10.00000
28.16667	0.00000	28.16667	10.00000
28.33333	0.00000	28.33333	10.00000
28.50000	0.00000	28.50000	10.00000
28.66667	0.00000	28.66667	10.00000
28.83333	0.00000	28.83333	10.00000
29.00000	0.00000	29.00000	10.00000
29.16667	0.00000	29.16667	10.00000
29.33333	0.00000	29.33333	10.00000
29.50000	0.00000	29.50000	10.00000
29.66667	0.00000	29.66667	10.00000
29.83333	0.00000	29.83333	10.00000
30.00000	0.00000	30.00000	10.00000

